0,1,2,3,4,5,6,7,8,9,10,11,12
0.0002262483502415804,0.0001337662032838579,0.00022928769110034349,0.0008463395387408154,0.001633475709636066,0.0008376843855015529,0.00020599244225520409,0.00012092459382444609,0.00020348372081392305,0.0008698340982271119,0.004736063298711632,0.0066555669293428075,0.006622973854112068
0.0001337662032838577,0.00010398866913878935,0.00046950495752360764,0.0030014101625557,0.006423633290679383,0.0029276432521836873,0.0003800378992780888,8.798250268230778e-05,0.00011945100687636598,0.0005409149148197552,0.00475408881231049,0.007265913404538413,0.00719825775989207
0.00022928769110034349,0.00046950495752360764,0.009068619180944775,0.1263191146294232,0.32238855005890654,0.11785776763376414,0.006676408719576806,0.0003632971648028495,0.00019956561282543882,0.0005862809428874545,0.0052643484787423984,0.008225701345088652,0.008036975021896303
0.0008463395387408146,0.0030014101625557,0.1263191146294232,0.7804337786977786,0.9564015746397174,0.7540256349840789,0.09076403316339005,0.002118388686377327,0.000727397186746327,0.002040555914271729,0.0187036832338496,0.02997352799801332,0.028488999718948017
0.0016334757096360647,0.006423633290679383,0.3223885500589063,0.9564015746397174,0.9960521307603591,0.9464779194279735,0.24441296162260803,0.004348101135890628,0.0013795769508120098,0.003905233778725199,0.035462058395838,0.05669691368305456,0.053419203775355466
0.0008376843855015529,0.0029276432521836873,0.11785776763376411,0.7540256349840788,0.9464779194279735,0.7256974369028604,0.08376200016813438,0.002036596554075652,0.0007029643898892249,0.0019789872212866914,0.018171143873689424,0.02912654728907349,0.027715262706532857
0.00020599244225520409,0.0003800378992780888,0.006676408719576806,0.09076403316339005,0.2444129616226079,0.08376200016813433,0.00482373479526474,0.0002870674624709159,0.00017341495001279558,0.0005487014907680208,0.005021854045673639,0.007877737778678156,0.0077359320209159504
0.00012092459382444629,8.798250268230778e-05,0.0003632971648028501,0.002118388686377329,0.004348101135890628,0.0020365965540756533,0.0002870674624709159,7.186752448847635e-05,0.00010334029126600078,0.0005020471555310248,0.0044872561990503355,0.006899630747658608,0.00688297199601081
0.00020348372081392305,0.00011945100687636598,0.00019956561282543885,0.0007273971867463278,0.0013795769508120098,0.0007029643898892244,0.00017341495001279558,0.00010334029126600061,0.00017484032841063349,0.0008243898422598025,0.004556347733075386,0.006431420341044256,0.00640399111824609
0.0008698340982271123,0.0005409149148197552,0.0005862809428874545,0.0020405559142717272,0.003905233778725199,0.0019789872212866914,0.0005487014907680211,0.0005020471555310243,0.0008243898422598025,0.0028345315178294594,0.00665122095632794,0.007332314489576816,0.007208115950822769
0.004736063298711628,0.00475408881231049,0.0052643484787423984,0.018703683233849605,0.035462058395838,0.018171143873689424,0.005021854045673639,0.0044872561990503355,0.004556347733075386,0.00665122095632794,0.007705958183684698,0.007796677544741934,0.0076270661089367356
0.0066555669293428075,0.007265913404538413,0.008225701345088654,0.029973527998013328,0.05669691368305456,0.02912654728907349,0.007877737778678156,0.006899630747658608,0.006431420341044256,0.007332314489576816,0.007796677544741934,0.007821688596427161,0.007642981960119637
0.006622973854112068,0.00719825775989207,0.008036975021896303,0.028488999718948017,0.053419203775355466,0.027715262706532857,0.0077359320209159504,0.00688297199601081,0.00640399111824609,0.007208115950822769,0.0076270661089367356,0.007642981960119637,0.00752482531634384
