0,1,2,3,4,5,6,7,8,9,10,11,12
0.7341827034474403,0.8558856803065518,0.36960060962682045,0.08540033869684444,0.005698779481288125,0.003529556077222721,0.01454977759499799,0.032293189686391395,0.04103257459836418,0.046041786093375926,0.045121727788477686,0.042859839189627914,0.03877846572261845
0.8558856803065518,0.9360308057760228,0.49433557563052516,0.09669792268181665,0.005964612616651352,0.0036339134940685876,0.01510171375468125,0.03376564036331452,0.043189562538505095,0.048822884137295616,0.04782170754210438,0.045305242999343194,0.04057692115746073
0.36960060962682045,0.49433557563052477,0.0980095387997085,0.017867198873427945,0.0013257318775191434,0.0008665071721801441,0.0036314664209135374,0.008114380404598541,0.010272859326819938,0.011669727090768823,0.011397132092929831,0.010832370709555322,0.010000151301017553
0.08540033869684444,0.09669792268181672,0.017867198873427945,0.0069846493033386345,0.0008081717760422128,0.0005819413003315889,0.002458496173077289,0.00535526740098044,0.006617281083056286,0.007493052598631421,0.007298211087290084,0.006988565661740058,0.006717103895546343
0.0056987794812881215,0.005964612616651353,0.0013257318775191434,0.0008081717760422129,0.00019595668845751314,0.00032055258774612026,0.0019208891255595982,0.004356846600020121,0.005180796040614166,0.005698233286893686,0.005621032001357745,0.005562217392365414,0.005593714667057752
0.0035295560772227235,0.00363391349406859,0.0008665071721801448,0.0005819413003315893,0.0003205525877461208,0.0006468590933814471,0.0028097174158838475,0.004870024730900939,0.00531891155466252,0.005645876126240161,0.005626657298522792,0.005677421477278561,0.005773913322340363
0.01454977759499799,0.01510171375468125,0.0036314664209135374,0.002458496173077289,0.0019208891255595982,0.0028097174158838454,0.005744133448154115,0.006477958212642524,0.0066297000415764884,0.006977311078301812,0.0069442773193506375,0.00695846447872089,0.006907208083559421
0.032293189686391395,0.03376564036331452,0.008114380404598541,0.00535526740098044,0.004356846600020121,0.004870024730900939,0.006477958212642524,0.0067144866475485725,0.006773439834709306,0.007124405869951062,0.007092961044015465,0.007116960649408435,0.007044008379749986
0.04103257459836418,0.04318956253850508,0.010272859326819938,0.006617281083056286,0.005180796040614167,0.00531891155466252,0.0066297000415764884,0.006773439834709306,0.006799951372468416,0.007159657820787531,0.007128887910744045,0.007163880167343817,0.0070849907835104815
0.04604178609337594,0.048822884137295616,0.011669727090768823,0.007493052598631421,0.005698233286893686,0.005645876126240161,0.006977311078301812,0.007124405869951062,0.007159657820787531,0.007510268985814406,0.007446040160010782,0.007452798053077061,0.007324998669759373
0.045121727788477686,0.04782170754210438,0.011397132092929831,0.007298211087290084,0.005621032001357745,0.005626657298522791,0.0069442773193506375,0.007092961044015465,0.007128887910744045,0.007446040160010782,0.0074185378470139705,0.007451604694271659,0.007333993639001878
0.042859839189627935,0.045305242999343194,0.010832370709555322,0.006988565661740058,0.005562217392365414,0.005677421477278561,0.00695846447872089,0.007116960649408435,0.007163880167343817,0.007452798053077061,0.007451604694271659,0.007493107505987605,0.00737775305941645
0.03877846572261845,0.04057692115746073,0.010000151301017553,0.006717103895546343,0.005593714667057752,0.005773913322340363,0.006907208083559421,0.007044008379749986,0.0070849907835104815,0.007324998669759373,0.007333993639001883,0.00737775305941645,0.007316997356973136
